% start	end	CellId	IMSI	RNTI	LCID	nTxPDUs	TxBytes	nRxPDUs	RxBytes	delay	stdDev	min	max	PduSize	stdDev	min	max
1	1.25	4	1	2	4	228	41774	220	37564	0.00473247	0.000133913	0.00471429	0.00571429	170.745	78.9586	141	621	
1	1.25	2	2	2	4	237	19561	233	19301	0.00471429	0	0.00471429	0.00471429	82.8369	39.7109	65	325	
1	1.25	2	3	3	4	227	52311	219	49275	0.00471885	6.75737e-05	0.00471429	0.00571429	225	70.1032	173	967	
1	1.25	4	8	3	3	239	42207	235	41643	0.00471429	0	0.00471429	0.00471429	177.204	69.1464	141	501	
1	1.25	2	9	5	3	214	28892	202	22998	0.00472419	9.92559e-05	0.00471429	0.00571429	113.851	42.9405	105	645	
1	1.25	1	10	3	3	161	93927	155	86148	0.00473364	0.000179138	0.00471429	0.00671429	555.794	297.725	6	2864	
1	1.25	4	11	1	3	236	26596	232	26248	0.00471429	0	0.00471429	0.00471429	113.138	47.6562	53	277	
1	1.25	2	12	4	3	217	28607	207	24069	0.00473844	0.000153901	0.00471429	0.00571429	116.275	51.4274	105	807	
1	1.25	3	13	1	3	192	33840	189	33321	0.00471429	0	0.00471429	0.00471429	176.302	18.282	173	277	
1	1.25	1	14	1	3	233	92407	229	90923	0.00471429	0	0.00471429	0.00471429	397.044	128.901	63	645	
1.25	1.5	4	1	2	4	244	40000	244	38944	0.00473068	0.000127244	0.00471429	0.00571429	159.607	37.7467	141	405	
1.25	1.5	2	2	2	4	250	19578	250	19578	0.00471429	0	0.00471429	0.00471429	78.312	21.4122	65	153	
1.25	1.5	2	3	3	4	242	53386	242	52214	0.00473081	0.000127762	0.00471429	0.00571429	215.76	18.4328	209	453	
1.25	1.5	4	8	3	3	250	42894	250	42894	0.00471429	0	0.00471429	0.00471429	171.576	55.1393	141	405	
1.25	1.5	2	9	5	3	235	28715	231	26063	0.00472727	0.000113464	0.00471429	0.00571429	112.827	20.4226	105	209	
1.25	1.5	1	10	3	3	165	95571	163	91540	0.00474496	0.00020558	0.00471429	0.00671429	561.595	224.118	3	1431	
1.25	1.5	4	11	1	3	250	30272	250	30164	0.00471429	0	0.00471429	0.00471429	120.656	52.8591	87	277	
1.25	1.5	2	12	4	3	243	30139	242	28614	0.00473495	0.000142542	0.00471429	0.00571429	118.24	29.3439	105	389	
1.25	1.5	3	13	1	3	192	34464	191	34083	0.00471429	0	0.00471429	0.00471429	178.445	23.2263	173	277	
1.25	1.5	1	14	1	3	233	96196	233	96060	0.00471429	0	0.00471429	0.00471429	412.275	137.257	15	645	
1.5	1.75	4	1	2	4	245	38713	244	37516	0.00472658	0.000110426	0.00471429	0.00571429	153.754	34.2264	141	405	
1.5	1.75	2	2	2	4	250	18258	250	18258	0.00471429	0	0.00471429	0.00471429	73.032	18.9626	65	153	
1.5	1.75	2	3	3	4	244	52484	242	50846	0.00473081	0.000127762	0.00471429	0.00571429	210.107	15.7542	209	453	
1.5	1.75	4	8	3	3	250	40385	250	40317	0.00471429	0	0.00471429	0.00471429	161.268	44.5727	140	317	
1.5	1.75	2	9	5	3	233	27641	230	25086	0.00472298	9.30467e-05	0.00471429	0.00571429	109.07	15.9955	105	209	
1.5	1.75	1	10	3	3	178	96823	176	93769	0.00473701	0.000183756	0.00471429	0.00671429	532.778	178.576	3	807	
1.5	1.75	4	11	1	3	250	26696	250	26804	0.00471429	0	0.00471429	0.00471429	107.216	44.2222	87	277	
1.5	1.75	2	12	4	3	243	29123	242	27362	0.00473495	0.000142542	0.00471429	0.00571429	113.066	20.4966	105	209	
1.5	1.75	3	13	1	3	211	37023	213	37577	0.00471429	0	0.00471429	0.00471429	176.418	18.5848	173	277	
1.5	1.75	1	14	1	3	249	96417	249	96609	0.00471429	0	0.00471429	0.00471429	387.988	123.187	143	645	
1.75	2	4	1	2	4	245	39526	244	38261	0.00472658	0.000110426	0.00471429	0.00571429	156.807	35.9613	139	405	
1.75	2	2	2	2	4	250	18898	250	18858	0.00471429	0	0.00471429	0.00471429	75.432	20.2849	65	153	
1.75	2	2	3	3	4	242	52522	240	50664	0.00473095	0.000128287	0.00471429	0.00571429	211.1	6.79577	209	233	
1.75	2	4	8	3	3	248	41944	247	41323	0.00471429	0	0.00471429	0.00471429	167.3	50.4203	141	317	
1.75	2	2	9	5	3	238	27574	234	24754	0.00472711	0.000112741	0.00471429	0.00571429	105.786	21.8036	65	153	
1.75	2	1	10	3	3	175	96200	173	93116	0.00473741	0.000185327	0.00471429	0.00671429	538.243	208.552	3	807	
1.75	2	4	11	1	3	250	28214	250	28092	0.00471429	0	0.00471429	0.00471429	112.368	48.6377	87	277	
1.75	2	2	12	4	3	243	29635	242	27778	0.00473495	0.000142542	0.00471429	0.00571429	114.785	20.5869	105	209	
1.75	2	3	13	1	3	201	35605	200	35432	0.00471429	0	0.00471429	0.00471429	177.16	20.4309	173	277	
1.75	2	1	14	1	3	243	96047	244	96204	0.00471429	0	0.00471429	0.00471429	394.279	132.227	14	645	
2	2.25	4	1	2	4	244	38564	243	37171	0.00473075	0.000127502	0.00471429	0.00571429	152.967	33.7516	141	405	
2	2.25	2	2	2	4	250	18346	250	18386	0.00471429	0	0.00471429	0.00471429	73.544	19.7126	65	153	
2	2.25	2	3	3	4	242	52222	240	50340	0.00473095	0.000128287	0.00471429	0.00571429	209.75	11.619	209	389	
2	2.25	4	8	3	3	250	40086	250	40154	0.00471429	0	0.00471429	0.00471429	160.616	44.3858	141	317	
2	2.25	2	9	5	3	237	27135	233	23975	0.00472287	9.24483e-05	0.00471429	0.00571429	102.897	18.2923	65	153	
2	2.25	1	10	3	3	176	96200	175	94243	0.00473143	0.000168642	0.00471429	0.00671429	538.531	197.726	3	1431	
2	2.25	4	11	1	3	250	26302	250	26424	0.00471429	0	0.00471429	0.00471429	105.696	41.9781	87	209	
2	2.25	2	12	4	3	243	28997	242	26952	0.00473495	0.000142542	0.00471429	0.00571429	111.372	17.0567	103	209	
2	2.25	3	13	1	3	216	38408	215	38235	0.00471429	0	0.00471429	0.00471429	177.837	21.9525	173	277	
2	2.25	1	14	1	3	248	96248	247	95963	0.00471429	0	0.00471429	0.00471429	388.514	123.001	39	645	
2.25	2.5	4	1	2	4	243	38839	242	37046	0.00473495	0.000142542	0.00471429	0.00571429	153.083	26.7732	141	277	
2.25	2.5	2	2	2	4	250	18538	250	18498	0.00471429	0	0.00471429	0.00471429	73.992	19.5378	65	153	
2.25	2.5	2	3	3	4	250	53354	250	53354	0.00471429	0	0.00471429	0.00471429	213.416	27.6307	209	389	
2.25	2.5	4	8	3	3	250	40930	250	40794	0.00471429	0	0.00471429	0.00471429	163.176	45.5252	141	317	
2.25	2.5	2	9	5	3	235	26699	231	23991	0.00472727	0.000113464	0.00471429	0.00571429	103.857	19.1527	65	209	
2.25	2.5	1	10	3	3	177	95578	176	92568	0.00473133	0.000168164	0.00471429	0.00671429	525.955	192.639	3	807	
2.25	2.5	4	11	1	3	250	27442	250	27320	0.00471429	0	0.00471429	0.00471429	109.28	46.6834	87	277	
2.25	2.5	2	12	4	3	242	29146	241	27385	0.00473918	0.000156133	0.00471429	0.00571429	113.631	19.7417	105	209	
2.25	2.5	3	13	1	3	207	35915	208	36088	0.00471429	0	0.00471429	0.00471429	173.5	7.2111	173	277	
2.25	2.5	1	14	1	3	247	96715	247	96731	0.00471429	0	0.00471429	0.00471429	391.623	129.111	39	645	
2.5	2.75	4	1	2	4	245	38985	244	37788	0.00472658	0.000110426	0.00471429	0.00571429	154.869	34.8964	141	405	
2.5	2.75	2	2	2	4	250	18498	250	18538	0.00471429	0	0.00471429	0.00471429	74.152	19.6275	65	153	
2.5	2.75	2	3	3	4	250	53354	250	53354	0.00471429	0	0.00471429	0.00471429	213.416	27.6307	209	389	
2.5	2.75	4	8	3	3	250	40930	250	40998	0.00471429	0	0.00471429	0.00471429	163.992	47.3267	141	317	
2.5	2.75	2	9	5	3	235	26787	231	24055	0.00472294	9.28459e-05	0.00471429	0.00571429	104.134	20.0333	65	153	
2.5	2.75	1	10	3	3	178	96632	174	92514	0.00473727	0.000184799	0.00471429	0.00671429	531.69	198.06	3	807	
2.5	2.75	4	11	1	3	250	26900	250	27022	0.00471429	0	0.00471429	0.00471429	108.088	45.8256	87	277	
2.5	2.75	2	12	4	3	243	29243	242	27530	0.00473495	0.000142542	0.00471429	0.00571429	113.76	19.2183	105	209	
2.5	2.75	3	13	1	3	207	35915	207	35915	0.00471429	0	0.00471429	0.00471429	173.502	7.2285	173	277	
2.5	2.75	1	14	1	3	248	96078	248	95998	0.00471429	0	0.00471429	0.00471429	387.089	127.731	39	645	
2.75	3	4	1	2	4	244	38366	243	36973	0.00473075	0.000127502	0.00471429	0.00571429	152.152	29.1719	139	405	
2.75	3	2	2	2	4	250	18297	250	18257	0.00471429	0	0.00471429	0.00471429	73.028	18.9644	64	153	
2.75	3	2	3	3	4	250	53330	250	53330	0.00471429	0	0.00471429	0.00471429	213.32	27.6041	209	389	
2.75	3	4	8	3	3	248	39824	247	39487	0.00471429	0	0.00471429	0.00471429	159.866	42.5192	141	317	
2.75	3	2	9	5	3	231	26119	226	23274	0.00471871	6.6519e-05	0.00471429	0.00571429	102.982	17.9173	65	153	
2.75	3	1	10	3	3	177	95775	175	92335	0.00473143	0.000168642	0.00471429	0.00671429	527.629	191.463	3	807	
2.75	3	4	11	1	3	250	26466	250	26466	0.00471429	0	0.00471429	0.00471429	105.864	43.1844	87	209	
2.75	3	2	12	4	3	244	29058	244	27402	0.00473888	0.000155191	0.00471429	0.00571429	112.303	17.9672	103	209	
2.75	3	3	13	1	3	215	37403	214	37126	0.00471429	0	0.00471429	0.00471429	173.486	7.10929	173	277	
2.75	3	1	14	1	3	247	96716	247	96833	0.00471429	0	0.00471429	0.00471429	392.036	126.404	29	871	
3	3.25	4	1	2	4	243	39783	241	38113	0.00472673	0.000111105	0.00471429	0.00571429	158.145	36.6781	141	405	
3	3.25	2	2	2	4	250	19146	250	19146	0.00471429	0	0.00471429	0.00471429	76.584	21.1953	65	153	
3	3.25	2	3	3	4	250	53606	250	53606	0.00471429	0	0.00471429	0.00471429	214.424	29.8422	209	389	
3	3.25	4	8	3	3	248	42664	247	41975	0.00471429	0	0.00471429	0.00471429	169.939	53.3035	141	317	
3	3.25	2	9	5	3	239	27827	236	24812	0.004727	0.000112266	0.00471429	0.00571429	105.136	22.7111	65	153	
3	3.25	1	10	3	3	166	96188	165	92518	0.00475065	0.000289889	0.00471429	0.00771429	560.715	234.595	3	1431	
3	3.25	4	11	1	3	250	28606	250	28484	0.00471429	0	0.00471429	0.00471429	113.936	50.7195	85	277	
3	3.25	2	12	4	3	243	30607	242	28562	0.00473495	0.000142542	0.00471429	0.00571429	118.025	26.4404	105	209	
3	3.25	3	13	1	3	195	34045	195	34149	0.00471429	0	0.00471429	0.00471429	175.123	14.7818	171	277	
3	3.25	1	14	1	3	244	96097	244	96004	0.00471429	0	0.00471429	0.00471429	393.459	131.96	79	645	
3.25	3.5	4	1	2	4	244	38774	244	37522	0.00473068	0.000127244	0.00471429	0.00571429	153.779	30.986	139	405	
3.25	3.5	2	2	2	4	250	18418	250	18418	0.00471429	0	0.00471429	0.00471429	73.672	19.3533	65	153	
3.25	3.5	2	3	3	4	250	53354	250	53354	0.00471429	0	0.00471429	0.00471429	213.416	27.6307	209	389	
3.25	3.5	4	8	3	3	250	40716	250	40716	0.00471429	0	0.00471429	0.00471429	162.864	47.6803	139	405	
3.25	3.5	2	9	5	3	236	26796	232	23968	0.00472722	0.000113221	0.00471429	0.00571429	103.31	18.9099	65	153	
3.25	3.5	1	10	3	3	177	96200	175	92566	0.00473714	0.000184275	0.00471429	0.00671429	528.949	192.415	3	807	
3.25	3.5	4	11	1	3	250	26900	250	26900	0.00471429	0	0.00471429	0.00471429	107.6	45.3942	87	277	
3.25	3.5	2	12	4	3	242	29001	241	27184	0.00473918	0.000156133	0.00471429	0.00571429	112.797	18.4182	104	209	
3.25	3.5	3	13	1	3	208	36088	208	36088	0.00471429	0	0.00471429	0.00471429	173.5	7.2111	173	277	
3.25	3.5	1	14	1	3	248	96687	248	96456	0.00471429	0	0.00471429	0.00471429	388.935	126.347	39	645	
3.5	3.75	4	1	2	4	246	40962	245	39629	0.00473061	0.000126987	0.00471429	0.00571429	161.751	38.0331	141	405	
3.5	3.75	2	2	2	4	250	19778	250	19738	0.00471429	0	0.00471429	0.00471429	78.952	21.6024	65	153	
3.5	3.75	2	3	3	4	248	53168	247	52667	0.00471429	0	0.00471429	0.00471429	213.227	25.5861	209	389	
3.5	3.75	4	8	3	3	250	44389	250	44057	0.00471429	0	0.00471429	0.00471429	176.228	57.0181	141	317	
3.5	3.75	2	9	5	3	239	28245	236	25610	0.004727	0.000112266	0.00471429	0.00571429	108.517	25.236	65	153	
3.5	3.75	1	10	3	3	167	96186	165	92511	0.00472035	7.78499e-05	0.00471429	0.00571429	560.673	212.926	3	1431	
3.5	3.75	4	11	1	3	250	30900	250	30656	0.00471429	0	0.00471429	0.00471429	122.624	57.5522	87	277	
3.5	3.75	2	12	4	3	243	30458	242	28601	0.00473495	0.000142542	0.00471429	0.00571429	118.186	23.0925	105	209	
3.5	3.75	3	13	1	3	181	32041	181	32041	0.00471429	0	0.00471429	0.00471429	177.022	20.1086	173	277	
3.5	3.75	1	14	1	3	235	96308	235	96219	0.00471429	0	0.00471429	0.00471429	409.443	150.041	15	645	
3.75	4	4	1	2	4	246	40621	246	39633	0.00473055	0.000126732	0.00471429	0.00571429	161.11	37.7739	141	405	
3.75	4	2	2	2	4	250	19696	250	19736	0.00471429	0	0.00471429	0.00471429	78.944	21.608	63	153	
3.75	4	2	3	3	4	245	52789	244	51652	0.00472658	0.000110426	0.00471429	0.00571429	211.689	22.346	209	453	
3.75	4	4	8	3	3	250	43506	250	43838	0.00471429	0	0.00471429	0.00471429	175.352	58.3811	141	405	
3.75	4	2	9	5	3	237	27477	234	24890	0.00472711	0.000112741	0.00471429	0.00571429	106.368	24.0352	65	153	
3.75	4	1	10	3	3	167	96194	166	92784	0.00474441	0.000256425	0.00471429	0.00771429	558.94	230.239	3	1431	
3.75	4	4	11	1	3	250	29760	250	30004	0.00471429	0	0.00471429	0.00471429	120.016	54.5219	87	277	
3.75	4	2	12	4	3	243	30283	242	28626	0.00473495	0.000142542	0.00471429	0.00571429	118.289	24.6615	105	209	
3.75	4	3	13	1	3	191	33771	191	33771	0.00471429	0	0.00471429	0.00471429	176.812	19.5929	173	277	
3.75	4	1	14	1	3	235	96325	235	96325	0.00471429	0	0.00471429	0.00471429	409.894	137.557	15	645	
4	4.25	4	1	2	4	243	39506	240	37231	0.00472679	0.000111335	0.00471429	0.00571429	155.129	31.9257	141	405	
4	4.25	2	2	2	4	250	18826	250	18826	0.00471429	0	0.00471429	0.00471429	75.304	20.6389	65	153	
4	4.25	2	3	3	4	242	52598	240	50716	0.00473095	0.000128287	0.00471429	0.00571429	211.317	16.5845	209	453	
4	4.25	4	8	3	3	250	41310	250	41174	0.00471429	0	0.00471429	0.00471429	164.696	48.2827	141	317	
4	4.25	2	9	5	3	237	27521	234	24410	0.00472711	0.000112741	0.00471429	0.00571429	104.316	19.7376	65	153	
4	4.25	1	10	3	3	175	96198	173	92938	0.00473741	0.000185327	0.00471429	0.00671429	537.214	205.256	3	813	
4	4.25	4	11	1	3	250	27589	250	27589	0.00471429	0	0.00471429	0.00471429	110.356	46.3838	86	209	
4	4.25	2	12	4	3	243	29775	242	27682	0.00473495	0.000142542	0.00471429	0.00571429	114.388	20.3061	105	209	
4	4.25	3	13	1	3	204	35916	204	35812	0.00471429	0	0.00471429	0.00471429	175.549	16.1206	173	277	
4	4.25	1	14	1	3	244	95865	244	96057	0.00471429	0	0.00471429	0.00471429	393.676	131.429	39	645	
4.25	4.5	4	1	2	4	241	38821	241	36633	0.00473503	0.000142832	0.00471429	0.00571429	152.004	25.8522	141	277	
4.25	4.5	2	2	2	4	250	18298	250	18338	0.00471429	0	0.00471429	0.00471429	73.352	19.1616	65	153	
4.25	4.5	2	3	3	4	242	52954	240	51120	0.00473095	0.000128287	0.00471429	0.00571429	213	8.96296	209	233	
4.25	4.5	4	8	3	3	250	40386	250	40590	0.00471429	0	0.00471429	0.00471429	162.36	46.1171	141	317	
4.25	4.5	2	9	5	3	239	27263	235	24579	0.00472705	0.000112503	0.00471429	0.00571429	104.591	21.0064	65	209	
4.25	4.5	1	10	3	3	171	95800	169	92550	0.00474387	0.000229545	0.00471429	0.00671429	547.633	188.736	3	967	
4.25	4.5	4	11	1	3	250	26926	250	27048	0.00471429	0	0.00471429	0.00471429	108.192	44.6926	87	209	
4.25	4.5	2	12	4	3	242	29002	241	27289	0.00473918	0.000156133	0.00471429	0.00571429	113.232	19.4237	105	209	
4.25	4.5	3	13	1	3	209	37195	210	37472	0.00471429	0	0.00471429	0.00471429	178.438	23.2286	171	277	
4.25	4.5	1	14	1	3	247	96671	247	97085	0.00471429	0	0.00471429	0.00471429	393.057	125.124	39	645	
4.5	4.75	4	1	2	4	243	39647	241	37109	0.00473503	0.000142832	0.00471429	0.00571429	153.979	27.4889	141	277	
4.5	4.75	2	2	2	4	250	18618	250	18618	0.00471429	0	0.00471429	0.00471429	74.472	19.8017	65	153	
4.5	4.75	2	3	3	4	244	53588	242	52170	0.00472255	9.07203e-05	0.00471429	0.00571429	215.579	23.6762	209	453	
4.5	4.75	4	8	3	3	250	41338	250	41338	0.00471429	0	0.00471429	0.00471429	165.352	48.0121	141	317	
4.5	4.75	2	9	5	3	234	26864	231	24269	0.00472294	9.28459e-05	0.00471429	0.00571429	105.061	22.8723	65	209	
4.5	4.75	1	10	3	3	175	96578	173	94608	0.00473163	0.000169609	0.00471429	0.00671429	546.867	182.43	3	967	
4.5	4.75	4	11	1	3	250	27656	250	27602	0.00471429	0	0.00471429	0.00471429	110.408	46.7481	85	209	
4.5	4.75	2	12	4	3	242	29598	241	27689	0.00473918	0.000156133	0.00471429	0.00571429	114.892	21.8084	105	209	
4.5	4.75	3	13	1	3	205	36401	205	36297	0.00471429	0	0.00471429	0.00471429	177.059	20.1892	173	277	
4.5	4.75	1	14	1	3	246	96252	246	96319	0.00471429	0	0.00471429	0.00471429	391.541	130.992	32	645	
4.75	5	4	1	2	4	242	40820	240	38394	0.00473095	0.000128287	0.00471429	0.00571429	159.975	31.1997	139	277	
4.75	5	2	2	2	4	250	19458	250	19458	0.00471429	0	0.00471429	0.00471429	77.832	21.2557	65	153	
4.75	5	2	3	3	4	245	54716	244	53579	0.00472658	0.000110426	0.00471429	0.00571429	219.586	26.216	209	453	
4.75	5	4	8	3	3	250	43786	250	43786	0.00471429	0	0.00471429	0.00471429	175.144	54.0237	141	317	
4.75	5	2	9	5	3	234	27498	229	24701	0.00472302	9.32487e-05	0.00471429	0.00571429	107.865	28.2477	65	209	
4.75	5	1	10	3	3	157	95982	155	91497	0.00472719	0.000113223	0.00471429	0.00571429	590.303	244.125	3	1431	
4.75	5	4	11	1	3	250	30506	250	30560	0.00471429	0	0.00471429	0.00471429	122.24	56.0761	87	277	
4.75	5	2	12	4	3	243	30815	242	29142	0.00473495	0.000142542	0.00471429	0.00571429	120.421	30.0571	105	389	
4.75	5	3	13	1	3	180	31972	180	32076	0.00471429	0	0.00471429	0.00471429	178.2	22.7295	173	277	
4.75	5	1	14	1	3	241	96492	241	96322	0.00471429	0	0.00471429	0.00471429	399.676	142.686	15	645	
5	5.25	4	1	2	4	242	39838	239	36827	0.00473102	0.000128551	0.00471429	0.00571429	154.088	26.8645	141	209	
5	5.25	2	2	2	4	250	18826	250	18786	0.00471429	0	0.00471429	0.00471429	75.144	20.5626	65	153	
5	5.25	2	3	3	4	244	53926	242	52068	0.00473081	0.000127762	0.00471429	0.00571429	215.157	18.2448	209	453	
5	5.25	4	8	3	3	250	42042	250	41974	0.00471429	0	0.00471429	0.00471429	167.896	53.6381	141	405	
5	5.25	2	9	5	3	238	28378	235	25371	0.00472705	0.000112503	0.00471429	0.00571429	107.962	16.4117	65	153	
5	5.25	1	10	3	3	172	96374	169	92924	0.00473204	0.000171595	0.00471429	0.00671429	549.846	203.08	3	967	
5	5.25	4	11	1	3	250	28458	250	28336	0.00471429	0	0.00471429	0.00471429	113.344	48.9628	87	209	
5	5.25	2	12	4	3	244	30056	244	28068	0.00473888	0.000155191	0.00471429	0.00571429	115.033	19.5572	105	153	
5	5.25	3	13	1	3	202	35882	201	35709	0.00471429	0	0.00471429	0.00471429	177.657	21.5622	173	277	
5	5.25	1	14	1	3	242	96534	242	96186	0.00471429	0	0.00471429	0.00471429	397.463	139.554	39	798	
5.25	5.5	4	1	2	4	241	39365	240	36968	0.00473512	0.000143125	0.00471429	0.00571429	154.033	27.5335	141	277	
5.25	5.5	2	2	2	4	250	18818	250	18778	0.00471429	0	0.00471429	0.00471429	75.112	20.1302	65	153	
5.25	5.5	2	3	3	4	242	52642	241	51261	0.00473088	0.000128024	0.00471429	0.00571429	212.701	17.2948	209	453	
5.25	5.5	4	8	3	3	250	41534	250	41534	0.00471429	0	0.00471429	0.00471429	166.136	50.2746	141	405	
5.25	5.5	2	9	5	3	235	28171	230	25366	0.00472298	9.30467e-05	0.00471429	0.00571429	110.287	16.6635	105	209	
5.25	5.5	1	10	3	3	168	95990	167	91507	0.00473824	0.000188593	0.00471429	0.00671429	547.946	205.43	3	1431	
5.25	5.5	4	11	1	3	250	27794	250	27794	0.00471429	0	0.00471429	0.00471429	111.176	47.5028	87	209	
5.25	5.5	2	12	4	3	242	29442	241	27681	0.00473918	0.000156133	0.00471429	0.00571429	114.859	21.2226	105	209	
5.25	5.5	3	13	1	3	198	35190	202	35882	0.00471429	0	0.00471429	0.00471429	177.634	21.5109	173	277	
5.25	5.5	1	14	1	3	245	95939	245	96076	0.00471429	0	0.00471429	0.00471429	392.147	128.723	15	669	
5.5	5.75	4	1	2	4	242	40158	240	37688	0.00473095	0.000128287	0.00471429	0.00571429	157.033	30.2691	141	317	
5.5	5.75	2	2	2	4	250	19418	250	19498	0.00471429	0	0.00471429	0.00471429	77.992	21.3092	65	153	
5.5	5.75	2	3	3	4	246	52734	245	51793	0.00472245	9.01655e-05	0.00471429	0.00571429	211.4	19.9323	209	389	
5.5	5.75	4	8	3	3	250	42562	250	42630	0.00471429	0	0.00471429	0.00471429	170.52	52.4392	141	317	
5.5	5.75	2	9	5	3	238	28870	236	26484	0.00473123	0.000129355	0.00471429	0.00571429	112.22	19.2366	105	209	
5.5	5.75	1	10	3	3	163	96364	159	91291	0.00473944	0.00019323	0.00471429	0.00671429	574.157	215.981	3	1431	
5.5	5.75	4	11	1	3	250	28865	250	28987	0.00471429	0	0.00471429	0.00471429	115.948	52.2881	87	277	
5.5	5.75	2	12	4	3	244	30132	243	28655	0.00473075	0.000127502	0.00471429	0.00571429	117.922	28.3602	105	389	
5.5	5.75	3	13	1	3	197	35221	195	34875	0.00471429	0	0.00471429	0.00471429	178.846	24.0617	171	277	
5.5	5.75	1	14	1	3	238	96182	238	96378	0.00471429	0	0.00471429	0.00471429	404.95	137.05	15	645	
5.75	6	4	1	2	4	244	41256	243	39235	0.00473075	0.000127502	0.00471429	0.00571429	161.461	39.1638	141	517	
5.75	6	2	2	2	4	250	19978	250	19978	0.00471429	0	0.00471429	0.00471429	79.912	21.8494	65	153	
5.75	6	2	3	3	4	244	53108	243	51703	0.00473075	0.000127502	0.00471429	0.00571429	212.77	17.2741	209	453	
5.75	6	4	8	3	3	250	43642	250	43642	0.00471429	0	0.00471429	0.00471429	174.568	55.5794	141	405	
5.75	6	2	9	5	3	235	27617	231	25005	0.00472294	9.28459e-05	0.00471429	0.00571429	108.247	24.374	65	209	
5.75	6	1	10	3	3	158	96162	155	91634	0.00473364	0.000138215	0.00471429	0.00571429	591.187	235.309	3	1431	
5.75	6	4	11	1	3	250	30816	250	30816	0.00471429	0	0.00471429	0.00471429	123.264	54.9448	87	277	
5.75	6	2	12	4	3	243	30395	242	28634	0.00473495	0.000142542	0.00471429	0.00571429	118.322	22.0923	105	209	
5.75	6	3	13	1	3	183	32905	182	32732	0.00471429	0	0.00471429	0.00471429	179.846	25.8839	171	277	
5.75	6	1	14	1	3	233	96204	233	96204	0.00471429	0	0.00471429	0.00471429	412.893	146.054	15	645	
6	6.25	4	1	2	4	245	40956	243	38794	0.00472663	0.000110651	0.00471429	0.00571429	159.646	44.2653	141	517	
6	6.25	2	2	2	4	250	19145	250	19105	0.00471429	0	0.00471429	0.00471429	76.42	21.1331	64	153	
6	6.25	2	3	3	4	245	54064	244	52903	0.00472658	0.000110426	0.00471429	0.00571429	216.816	28.1039	208	453	
6	6.25	4	8	3	3	250	43184	250	43184	0.00471429	0	0.00471429	0.00471429	172.736	63.4571	139	621	
6	6.25	2	9	5	3	234	27668	230	24508	0.00472298	9.30467e-05	0.00471429	0.00571429	106.557	26.8516	65	209	
6	6.25	1	10	3	3	163	95988	162	92743	0.00474515	0.000234397	0.00471429	0.00671429	572.488	200.687	3	967	
6	6.25	4	11	1	3	250	28825	250	28771	0.00471429	0	0.00471429	0.00471429	115.084	53.3767	86	277	
6	6.25	2	12	4	3	243	30341	242	28344	0.00473495	0.000142542	0.00471429	0.00571429	117.124	24.6078	105	209	
6	6.25	3	13	1	3	196	34636	195	34359	0.00471429	0	0.00471429	0.00471429	176.2	18.0062	173	277	
6	6.25	1	14	1	3	243	96522	243	96522	0.00471429	0	0.00471429	0.00471429	397.21	137.509	41	645	
6.25	6.5	4	1	2	4	242	40769	241	38612	0.00473088	0.000128024	0.00471429	0.00571429	160.216	38.7658	141	517	
6.25	6.5	2	2	2	4	250	19698	250	19658	0.00471429	0	0.00471429	0.00471429	78.632	21.5099	65	153	
6.25	6.5	2	3	3	4	247	52943	247	52211	0.00472643	0.000109759	0.00471429	0.00571429	211.381	19.8523	209	389	
6.25	6.5	4	8	3	3	250	43506	250	43370	0.00471429	0	0.00471429	0.00471429	173.48	55.5602	141	405	
6.25	6.5	2	9	5	3	234	27162	229	24277	0.00472302	9.32487e-05	0.00471429	0.00571429	106.013	26.4765	65	209	
6.25	6.5	1	10	3	3	162	96180	158	90647	0.00474593	0.000262785	0.00471429	0.00771429	573.715	228.034	3	1431	
6.25	6.5	4	11	1	3	250	29694	250	29504	0.00471429	0	0.00471429	0.00471429	118.016	54.0585	87	277	
6.25	6.5	2	12	4	3	242	30298	241	28441	0.00473918	0.000156133	0.00471429	0.00571429	118.012	22.4879	105	209	
6.25	6.5	3	13	1	3	186	33114	186	33218	0.00471429	0	0.00471429	0.00471429	178.591	23.5205	173	277	
6.25	6.5	1	14	1	3	238	96670	238	96364	0.00471429	0	0.00471429	0.00471429	404.891	141.491	15	645	
6.5	6.75	4	1	2	4	243	39987	241	37961	0.00472673	0.000111105	0.00471429	0.00571429	157.515	37.0792	141	517	
6.5	6.75	2	2	2	4	250	19177	250	19217	0.00471429	0	0.00471429	0.00471429	76.868	20.9084	64	153	
6.5	6.75	2	3	3	4	250	53354	250	53354	0.00471429	0	0.00471429	0.00471429	213.416	27.6307	209	389	
6.5	6.75	4	8	3	3	250	42085	250	42221	0.00471429	0	0.00471429	0.00471429	168.884	50.0989	140	317	
6.5	6.75	2	9	5	3	235	27297	232	24702	0.00472291	9.26465e-05	0.00471429	0.00571429	106.474	23.6815	65	209	
6.5	6.75	1	10	3	3	164	96182	162	92747	0.00474515	0.000206203	0.00471429	0.00671429	572.512	193.419	3	967	
6.5	6.75	4	11	1	3	250	28716	250	28906	0.00471429	0	0.00471429	0.00471429	115.624	51.3048	87	277	
6.5	6.75	2	12	4	3	243	30031	242	28318	0.00473495	0.000142542	0.00471429	0.00571429	117.017	25.041	105	301	
6.5	6.75	3	13	1	3	195	34151	196	34324	0.00471429	0	0.00471429	0.00471429	175.122	14.7424	173	277	
6.5	6.75	1	14	1	3	240	96001	241	96760	0.00471429	0	0.00471429	0.00471429	401.494	148.958	15	645	
6.75	7	4	1	2	4	243	39646	242	37317	0.00473495	0.000142542	0.00471429	0.00571429	154.202	26.9583	140	209	
6.75	7	2	2	2	4	250	18777	250	18817	0.00471429	0	0.00471429	0.00471429	75.268	20.2104	64	153	
6.75	7	2	3	3	4	250	53354	250	53354	0.00471429	0	0.00471429	0.00471429	213.416	27.6307	209	389	
6.75	7	4	8	3	3	250	41730	250	41730	0.00471429	0	0.00471429	0.00471429	166.92	52.4279	141	405	
6.75	7	2	9	5	3	235	26891	230	23966	0.00472298	9.30467e-05	0.00471429	0.00571429	104.2	20.9116	65	153	
6.75	7	1	10	3	3	170	96188	167	93403	0.00473225	0.000172615	0.00471429	0.00671429	559.299	186.657	3	967	
6.75	7	4	11	1	3	250	27578	250	27632	0.00471429	0	0.00471429	0.00471429	110.528	47.8493	87	277	
6.75	7	2	12	4	3	243	29610	242	27849	0.00473495	0.000142542	0.00471429	0.00571429	115.079	22.468	104	209	
6.75	7	3	13	1	3	203	35637	202	35464	0.00471429	0	0.00471429	0.00471429	175.564	16.2008	171	277	
6.75	7	1	14	1	3	246	95958	245	95505	0.00471429	0	0.00471429	0.00471429	389.816	135.82	15	645	
7	7.25	4	1	2	4	242	39814	239	36623	0.00473102	0.000128551	0.00471429	0.00571429	153.234	26.1748	141	209	
7	7.25	2	2	2	4	250	18746	250	18626	0.00471429	0	0.00471429	0.00471429	74.504	20.2422	65	153	
7	7.25	2	3	3	4	250	53558	250	53558	0.00471429	0	0.00471429	0.00471429	214.232	29.7991	209	389	
7	7.25	4	8	3	3	250	41446	250	41242	0.00471429	0	0.00471429	0.00471429	164.968	48.3401	141	317	
7	7.25	2	9	5	3	236	27376	232	24248	0.00472291	9.26465e-05	0.00471429	0.00571429	104.517	20.3257	65	209	
7	7.25	1	10	3	3	171	96380	170	92709	0.00473193	0.000132054	0.00471429	0.00571429	545.347	205.172	3	967	
7	7.25	4	11	1	3	250	27376	250	27132	0.00471429	0	0.00471429	0.00471429	108.528	47.7014	87	277	
7	7.25	2	12	4	3	243	30035	242	27942	0.00473495	0.000142542	0.00471429	0.00571429	115.463	24.7266	105	301	
7	7.25	3	13	1	3	205	35465	205	35465	0.00471429	0	0.00471429	0.00471429	173	0	173	173	
7	7.25	1	14	1	3	245	96989	246	96826	0.00471429	0	0.00471429	0.00471429	393.602	131.355	63	645	
7.25	7.5	4	1	2	4	242	39302	241	37485	0.00473088	0.000128024	0.00471429	0.00571429	155.539	35.5395	141	517	
7.25	7.5	2	2	2	4	250	18818	250	18938	0.00471429	0	0.00471429	0.00471429	75.752	20.4333	65	153	
7.25	7.5	2	3	3	4	250	53354	250	53354	0.00471429	0	0.00471429	0.00471429	213.416	27.6307	209	389	
7.25	7.5	4	8	3	3	250	41134	250	41338	0.00471429	0	0.00471429	0.00471429	165.352	48.7795	141	317	
7.25	7.5	2	9	5	3	236	26884	232	24192	0.00472722	0.000113221	0.00471429	0.00571429	104.276	21.6199	65	153	
7.25	7.5	1	10	3	3	165	95800	162	92118	0.00475132	0.00027047	0.00471429	0.00771429	568.63	187.424	3	967	
7.25	7.5	4	11	1	3	250	27064	250	27308	0.00471429	0	0.00471429	0.00471429	109.232	47.7372	87	277	
7.25	7.5	2	12	4	3	243	29659	242	27898	0.00473908	0.000155817	0.00471429	0.00571429	115.281	22.5882	105	209	
7.25	7.5	3	13	1	3	205	35881	206	36054	0.00471429	0	0.00471429	0.00471429	175.019	14.3856	173	277	
7.25	7.5	1	14	1	3	244	95801	243	95964	0.00471429	0	0.00471429	0.00471429	394.914	130.902	39	645	
7.5	7.75	4	1	2	4	243	40775	241	38545	0.00472673	0.000111105	0.00471429	0.00571429	159.938	38.6618	141	517	
7.5	7.75	2	2	2	4	250	19818	250	19778	0.00471429	0	0.00471429	0.00471429	79.112	21.6467	65	153	
7.5	7.75	2	3	3	4	250	53330	250	53330	0.00471429	0	0.00471429	0.00471429	213.32	27.6041	209	389	
7.5	7.75	4	8	3	3	250	43574	250	43438	0.00471429	0	0.00471429	0.00471429	173.752	56.5607	141	405	
7.5	7.75	2	9	5	3	236	27348	233	24665	0.00472716	0.00011298	0.00471429	0.00571429	105.858	26.5138	65	209	
7.5	7.75	1	10	3	3	162	96522	160	92501	0.00472054	7.90569e-05	0.00471429	0.00571429	578.131	232.574	3	1431	
7.5	7.75	4	11	1	3	250	29192	250	29070	0.00471429	0	0.00471429	0.00471429	116.28	52.2087	87	209	
7.5	7.75	2	12	4	3	242	30294	242	28442	0.00474321	0.000167945	0.00471429	0.00571429	117.529	21.6893	105	209	
7.5	7.75	3	13	1	3	187	33807	187	33807	0.00471429	0	0.00471429	0.00471429	180.786	27.4437	173	277	
7.5	7.75	1	14	1	3	234	96782	234	96486	0.00471429	0	0.00471429	0.00471429	412.333	136.608	15	767	
7.75	8	4	1	2	4	242	39542	240	37072	0.00473095	0.000128287	0.00471429	0.00571429	154.467	28.6035	139	317	
7.75	8	2	2	2	4	250	18897	250	18937	0.00471429	0	0.00471429	0.00471429	75.748	20.4355	64	153	
7.75	8	2	3	3	4	250	53330	250	53330	0.00471429	0	0.00471429	0.00471429	213.32	27.6041	209	389	
7.75	8	4	8	3	3	250	41602	250	41738	0.00471429	0	0.00471429	0.00471429	166.952	50.7793	141	405	
7.75	8	2	9	5	3	234	26442	230	23878	0.00472298	9.30467e-05	0.00471429	0.00571429	103.817	20.8197	65	153	
7.75	8	1	10	3	3	165	95407	163	92159	0.00473269	0.000174709	0.00471429	0.00671429	565.393	192.376	3	967	
7.75	8	4	11	1	3	250	27361	250	27483	0.00471429	0	0.00471429	0.00471429	109.932	47.7645	86	209	
7.75	8	2	12	4	3	243	29587	242	27874	0.00473495	0.000142542	0.00471429	0.00571429	115.182	20.8564	105	209	
7.75	8	3	13	1	3	203	35639	204	35812	0.00471429	0	0.00471429	0.00471429	175.549	16.1206	173	277	
7.75	8	1	14	1	3	243	96096	243	96392	0.00471429	0	0.00471429	0.00471429	396.675	130.912	39	645	
8	8.25	4	1	2	4	243	40402	241	37488	0.00473503	0.000142832	0.00471429	0.00571429	155.552	29.3343	140	317	
8	8.25	2	2	2	4	250	19106	250	19106	0.00471429	0	0.00471429	0.00471429	76.424	21.1308	65	153	
8	8.25	2	3	3	4	246	52938	245	51997	0.00472245	9.01655e-05	0.00471429	0.00571429	212.233	22.9725	209	389	
8	8.25	4	8	3	3	248	42554	247	41933	0.00471429	0	0.00471429	0.00471429	169.769	57.3825	141	517	
8	8.25	2	9	5	3	235	27165	231	24053	0.00472294	9.28459e-05	0.00471429	0.00571429	104.126	22.2073	65	153	
8	8.25	1	10	3	3	168	96184	167	93475	0.00472626	0.000109105	0.00471429	0.00571429	559.731	206.225	3	967	
8	8.25	4	11	1	3	250	28162	250	28162	0.00471429	0	0.00471429	0.00471429	112.648	51.062	87	277	
8	8.25	2	12	4	3	243	30165	242	28216	0.00473495	0.000142542	0.00471429	0.00571429	116.595	22.2707	105	209	
8	8.25	3	13	1	3	199	35363	198	35190	0.00471429	0	0.00471429	0.00471429	177.727	21.718	173	277	
8	8.25	1	14	1	3	241	95860	241	95732	0.00471429	0	0.00471429	0.00471429	397.228	136.443	63	645	
8.25	8.5	4	1	2	4	242	40498	241	38341	0.00473088	0.000128024	0.00471429	0.00571429	159.091	38.3198	141	517	
8.25	8.5	2	2	2	4	250	19618	250	19538	0.00471429	0	0.00471429	0.00471429	78.152	21.3613	65	153	
8.25	8.5	2	3	3	4	250	53378	250	53378	0.00471429	0	0.00471429	0.00471429	213.512	27.657	209	389	
8.25	8.5	4	8	3	3	250	43301	250	43097	0.00471429	0	0.00471429	0.00471429	172.388	55.1864	140	405	
8.25	8.5	2	9	5	3	236	27194	232	24366	0.00472722	0.000113221	0.00471429	0.00571429	105.026	23.78	65	153	
8.25	8.5	1	10	3	3	162	95509	162	92881	0.00473898	0.000191451	0.00471429	0.00671429	573.34	231.58	3	1431	
8.25	8.5	4	11	1	3	250	29205	250	28961	0.00471429	0	0.00471429	0.00471429	115.844	52.9344	86	277	
8.25	8.5	2	12	4	3	242	30218	241	28361	0.00473918	0.000156133	0.00471429	0.00571429	117.68	23.3838	105	209	
8.25	8.5	3	13	1	3	190	33802	189	33629	0.00471429	0	0.00471429	0.00471429	177.931	22.2122	171	277	
8.25	8.5	1	14	1	3	236	96872	237	96837	0.00471429	0	0.00471429	0.00471429	408.595	140.066	31	871	
8.5	8.75	4	1	2	4	246	41605	245	40404	0.00472245	9.01655e-05	0.00471429	0.00571429	164.914	50.976	140	517	
8.5	8.75	2	2	2	4	250	20018	250	20058	0.00471429	0	0.00471429	0.00471429	80.232	21.9218	65	153	
8.5	8.75	2	3	3	4	250	53402	250	53402	0.00471429	0	0.00471429	0.00471429	213.608	27.6829	209	389	
8.5	8.75	4	8	3	3	250	44392	250	44392	0.00471429	0	0.00471429	0.00471429	177.568	64.6106	139	621	
8.5	8.75	2	9	5	3	239	27911	238	25526	0.00473109	0.000128818	0.00471429	0.00571429	107.252	25.5539	65	153	
8.5	8.75	1	10	3	3	164	96837	161	92037	0.00473292	0.000175786	0.00471429	0.00671429	571.658	221.439	3	967	
8.5	8.75	4	11	1	3	250	30006	250	30128	0.00471429	0	0.00471429	0.00471429	120.512	55.973	87	277	
8.5	8.75	2	12	4	3	243	30642	242	28929	0.00473495	0.000142542	0.00471429	0.00571429	119.541	26.1167	104	209	
8.5	8.75	3	13	1	3	182	32525	183	32698	0.00471429	0	0.00471429	0.00471429	178.678	23.704	172	277	
8.5	8.75	1	14	1	3	233	96372	232	96190	0.00471429	0	0.00471429	0.00471429	414.612	148.341	15	871	
8.75	9	4	1	2	4	244	39516	243	37495	0.00473075	0.000127502	0.00471429	0.00571429	154.3	34.7718	141	517	
8.75	9	2	2	2	4	250	18495	250	18495	0.00471429	0	0.00471429	0.00471429	73.98	19.5357	63	153	
8.75	9	2	3	3	4	250	53354	250	53354	0.00471429	0	0.00471429	0.00471429	213.416	27.6307	209	389	
8.75	9	4	8	3	3	250	41066	250	41134	0.00471429	0	0.00471429	0.00471429	164.536	48.2268	141	317	
8.75	9	2	9	5	3	235	26819	230	23934	0.00472298	9.30467e-05	0.00471429	0.00571429	104.061	21.706	65	209	
8.75	9	1	10	3	3	169	96144	166	91502	0.00473236	0.000133616	0.00471429	0.00571429	551.217	190.776	3	967	
8.75	9	4	11	1	3	250	26818	250	26818	0.00471429	0	0.00471429	0.00471429	107.272	46.0802	86	277	
8.75	9	2	12	4	3	243	29519	242	27710	0.00473495	0.000142542	0.00471429	0.00571429	114.504	24.6695	105	301	
8.75	9	3	13	1	3	208	36192	207	36019	0.00471429	0	0.00471429	0.00471429	174.005	10.1978	173	277	
8.75	9	1	14	1	3	246	96050	246	96099	0.00471429	0	0.00471429	0.00471429	390.646	130.668	15	645	
9	9.25	4	1	2	4	243	41151	241	38169	0.00473503	0.000142832	0.00471429	0.00571429	158.378	31.0252	141	317	
9	9.25	2	2	2	4	250	19746	250	19706	0.00471429	0	0.00471429	0.00471429	78.824	21.9558	65	153	
9	9.25	2	3	3	4	250	50246	250	50358	0.00471429	0	0.00471429	0.00471429	201.432	39.9132	153	389	
9	9.25	4	8	3	3	250	43350	250	43214	0.00471429	0	0.00471429	0.00471429	172.856	55.0223	141	317	
9	9.25	2	9	5	3	240	28132	237	25077	0.00472694	0.000112031	0.00471429	0.00571429	105.81	25.7843	65	153	
9	9.25	1	10	3	3	155	96204	151	90283	0.00473415	0.000181483	0.00471429	0.00671429	597.901	219.765	3	1431	
9	9.25	4	11	1	3	250	29464	250	29342	0.00471429	0	0.00471429	0.00471429	117.368	54.7851	87	277	
9	9.25	2	12	4	3	243	30575	242	28474	0.00473495	0.000142542	0.00471429	0.00571429	117.661	23.8771	105	209	
9	9.25	3	13	1	3	189	34049	189	34049	0.00471429	0	0.00471429	0.00471429	180.153	26.3907	173	277	
9	9.25	1	14	1	3	236	96621	236	96493	0.00471429	0	0.00471429	0.00471429	408.869	146.754	15	645	
9.25	9.5	4	1	2	4	241	39677	240	37348	0.00473512	0.000143125	0.00471429	0.00571429	155.617	29.3783	141	317	
9.25	9.5	2	2	2	4	250	18778	250	18818	0.00471429	0	0.00471429	0.00471429	75.272	20.2083	65	153	
9.25	9.5	2	3	3	4	250	51809	250	51697	0.00471429	0	0.00471429	0.00471429	206.788	34.0334	153	389	
9.25	9.5	4	8	3	3	250	42358	250	42494	0.00471429	0	0.00471429	0.00471429	169.976	52.3897	141	317	
9.25	9.5	2	9	5	3	236	27228	232	24488	0.00472722	0.000113221	0.00471429	0.00571429	105.552	25.4124	65	209	
9.25	9.5	1	10	3	3	165	95549	162	91296	0.00473898	0.000191451	0.00471429	0.00671429	563.556	213.404	3	1431	
9.25	9.5	4	11	1	3	250	28230	250	28352	0.00471429	0	0.00471429	0.00471429	113.408	51.3645	87	277	
9.25	9.5	2	12	4	3	242	29886	241	28181	0.00473918	0.000156133	0.00471429	0.00571429	116.934	25.9691	105	301	
9.25	9.5	3	13	1	3	194	33978	195	34151	0.00471429	0	0.00471429	0.00471429	175.133	14.7796	173	277	
9.25	9.5	1	14	1	3	242	96150	242	96393	0.00471429	0	0.00471429	0.00471429	398.318	132.916	15	645	
9.5	9.75	4	1	2	4	242	39816	240	37278	0.00473095	0.000128287	0.00471429	0.00571429	155.325	29.1831	140	317	
9.5	9.75	2	2	2	4	250	19178	250	19218	0.00471429	0	0.00471429	0.00471429	76.872	20.906	65	153	
9.5	9.75	2	3	3	4	250	53354	250	53354	0.00471429	0	0.00471429	0.00471429	213.416	27.6307	209	389	
9.5	9.75	4	8	3	3	250	42137	250	42205	0.00471429	0	0.00471429	0.00471429	168.82	53.7312	141	405	
9.5	9.75	2	9	5	3	233	26633	228	23796	0.00471867	6.62266e-05	0.00471429	0.00571429	104.368	22.9649	65	153	
9.5	9.75	1	10	3	3	165	96605	163	92931	0.00473882	0.000190869	0.00471429	0.00671429	570.129	210.989	3	1431	
9.5	9.75	4	11	1	3	250	28040	250	28162	0.00471429	0	0.00471429	0.00471429	112.648	50.3294	87	277	
9.5	9.75	2	12	4	3	243	29834	242	28169	0.00473495	0.000142542	0.00471429	0.00571429	116.401	22.1742	104	209	
9.5	9.75	3	13	1	3	202	35882	201	35709	0.00471429	0	0.00471429	0.00471429	177.657	21.5622	173	277	
9.5	9.75	1	14	1	3	239	96372	239	96370	0.00471429	0	0.00471429	0.00471429	403.222	138.43	15	871	
9.75	10	4	1	2	4	243	40666	241	38368	0.00472673	0.000111105	0.00471429	0.00571429	159.203	37.3162	141	517	
9.75	10	2	2	2	4	250	19298	250	19178	0.00471429	0	0.00471429	0.00471429	76.712	20.8428	65	153	
9.75	10	2	3	3	4	250	45480	250	45536	0.00471429	0	0.00471429	0.00471429	182.144	42.724	151	389	
9.75	10	4	8	3	3	250	43300	250	42960	0.00471429	0	0.00471429	0.00471429	171.84	54.4827	139	405	
9.75	10	2	9	5	3	240	27368	238	24870	0.00473109	0.000128818	0.00471429	0.00571429	104.496	25.7534	65	209	
9.75	10	1	10	3	3	159	95741	158	91449	0.00472694	0.00011215	0.00471429	0.00571429	578.791	257.227	3	1431	
9.75	10	4	11	1	3	250	29572	250	29206	0.00471429	0	0.00471429	0.00471429	116.824	53.5152	87	277	
9.75	10	2	12	4	3	244	30652	244	28900	0.00473888	0.000155191	0.00471429	0.00571429	118.443	27.0031	105	301	
9.75	10	3	13	1	3	183	32699	185	33045	0.00471429	0	0.00471429	0.00471429	178.622	23.5807	173	277	
9.75	10	1	14	1	3	236	96342	237	96517	0.00471429	0	0.00471429	0.00471429	407.245	146.063	15	871	
10	10.25	4	1	2	4	242	43457	239	40606	0.00473102	0.000128551	0.00471429	0.00571429	169.9	38.5602	140	317	
10	10.25	2	2	2	4	250	20064	250	20184	0.00471429	0	0.00471429	0.00471429	80.736	22.4151	63	153	
10	10.25	2	3	3	4	250	45214	250	45382	0.00471429	0	0.00471429	0.00471429	181.528	44.6823	153	389	
10	10.25	4	8	3	3	249	45381	249	45525	0.0047183	6.33724e-05	0.00471429	0.00571429	182.831	66.122	141	621	
10	10.25	2	9	5	3	240	28756	237	25805	0.00472694	0.000112031	0.00471429	0.00571429	108.882	28.6898	65	209	
10	10.25	1	10	3	3	152	96156	146	89174	0.00475538	0.000284707	0.00471429	0.00771429	610.781	239.329	3	1431	
10	10.25	4	11	1	3	250	30860	250	31226	0.00471429	0	0.00471429	0.00471429	124.904	57.9313	87	277	
10	10.25	2	12	4	3	243	31307	242	29454	0.00473495	0.000142542	0.00471429	0.00571429	121.711	28.5406	105	301	
10	10.25	3	13	1	3	180	32804	178	32458	0.00471429	0	0.00471429	0.00471429	182.348	29.8301	173	277	
10	10.25	1	14	1	3	231	94826	230	94962	0.00471429	0	0.00471429	0.00471429	412.878	151.778	7	871	
10.25	10.5	4	1	2	4	243	39959	244	38288	0.00473478	0.000141967	0.00471429	0.00571429	156.918	37.7533	141	517	
10.25	10.5	2	2	2	4	250	18418	250	18378	0.00471429	0	0.00471429	0.00471429	73.512	19.2584	65	153	
10.25	10.5	2	3	3	4	250	41962	250	41906	0.00471429	0	0.00471429	0.00471429	167.624	40.3872	153	389	
10.25	10.5	4	8	3	3	250	40589	250	40521	0.00471429	0	0.00471429	0.00471429	162.084	46.0432	140	317	
10.25	10.5	2	9	5	3	237	26917	234	24282	0.00473138	0.0001299	0.00471429	0.00571429	103.769	19.8083	65	153	
10.25	10.5	1	10	3	3	171	96190	170	93563	0.0047437	0.00020137	0.00471429	0.00671429	550.371	183.673	3	967	
10.25	10.5	4	11	1	3	250	26508	250	26386	0.00471429	0	0.00471429	0.00471429	105.544	43.8884	87	209	
10.25	10.5	2	12	4	3	242	28905	241	27040	0.00473918	0.000156133	0.00471429	0.00571429	112.199	17.8725	104	209	
10.25	10.5	3	13	1	3	209	36261	209	36261	0.00471429	0	0.00471429	0.00471429	173.498	7.19383	173	277	
10.25	10.5	1	14	1	3	248	97559	248	96943	0.00471429	0	0.00471429	0.00471429	390.899	121.445	63	645	
10.5	10.75	4	1	2	4	245	40581	244	38560	0.00473478	0.000141967	0.00471429	0.00571429	158.033	38.2693	141	517	
10.5	10.75	2	2	2	4	250	19456	250	19496	0.00471429	0	0.00471429	0.00471429	77.984	21.2812	65	153	
10.5	10.75	2	3	3	4	248	43224	247	42835	0.00471429	0	0.00471429	0.00471429	173.421	39.9115	153	389	
10.5	10.75	4	8	3	3	250	42288	250	42288	0.00471429	0	0.00471429	0.00471429	169.152	51.953	139	317	
10.5	10.75	2	9	5	3	238	27358	235	24771	0.00472705	0.000112503	0.00471429	0.00571429	105.409	23.6868	65	153	
10.5	10.75	1	10	3	3	165	96176	164	95169	0.00473258	0.000174179	0.00471429	0.00671429	580.299	202.627	194	1431	
10.5	10.75	4	11	1	3	250	28324	250	28446	0.00471429	0	0.00471429	0.00471429	113.784	50.3092	87	209	
10.5	10.75	2	12	4	3	243	29667	242	28058	0.00473495	0.000142542	0.00471429	0.00571429	115.942	20.7688	105	209	
10.5	10.75	3	13	1	3	199	35987	199	35987	0.00471429	0	0.00471429	0.00471429	180.839	27.5251	173	277	
10.5	10.75	1	14	1	3	233	96586	234	97207	0.00471429	0	0.00471429	0.00471429	415.415	137.01	39	645	
10.75	11	4	1	2	4	245	42349	244	40636	0.00472658	0.000110426	0.00471429	0.00571429	166.541	48.8537	141	517	
10.75	11	2	2	2	4	250	19938	250	19898	0.00471429	0	0.00471429	0.00471429	79.592	21.7721	65	153	
10.75	11	2	3	3	4	250	44354	250	44354	0.00471429	0	0.00471429	0.00471429	177.416	42.7634	153	389	
10.75	11	4	8	3	3	250	43982	250	43982	0.00471429	0	0.00471429	0.00471429	175.928	57.5433	141	405	
10.75	11	2	9	5	3	237	27747	234	25120	0.00472711	0.000112741	0.00471429	0.00571429	107.35	26.4208	63	153	
10.75	11	1	10	3	3	160	96168	158	92304	0.00475226	0.000296177	0.00471429	0.00771429	584.203	236.396	3	1431	
10.75	11	4	11	1	3	250	30114	250	29992	0.00471429	0	0.00471429	0.00471429	119.968	56.1021	87	277	
10.75	11	2	12	4	3	243	30632	242	28872	0.00473495	0.000142542	0.00471429	0.00571429	119.306	25.55	105	209	
10.75	11	3	13	1	3	183	32595	183	32595	0.00471429	0	0.00471429	0.00471429	178.115	22.5511	173	277	
10.75	11	1	14	1	3	232	96499	232	96358	0.00471429	0	0.00471429	0.00471429	415.336	135.807	63	798	
11	11.25	4	1	2	4	244	41632	242	38890	0.00473081	0.000127762	0.00471429	0.00571429	160.702	39.412	141	517	
11	11.25	2	2	2	4	250	19266	250	19146	0.00471429	0	0.00471429	0.00471429	76.584	21.1953	65	153	
11	11.25	2	3	3	4	250	43366	250	43174	0.00471429	0	0.00471429	0.00471429	172.696	43.816	153	389	
11	11.25	4	8	3	3	250	42057	250	41649	0.00471429	0	0.00471429	0.00471429	166.596	49.7856	140	317	
11	11.25	2	9	5	3	237	27271	234	24120	0.00472711	0.000112741	0.00471429	0.00571429	103.077	22.5456	65	153	
11	11.25	1	10	3	3	166	95707	163	89874	0.00473882	0.000190869	0.00471429	0.00671429	551.374	192.875	3	967	
11	11.25	4	11	1	3	250	28539	250	28105	0.00471429	0	0.00471429	0.00471429	112.42	48.9829	86	277	
11	11.25	2	12	4	3	243	29871	242	27681	0.00473495	0.000142542	0.00471429	0.00571429	114.384	20.3081	104	209	
11	11.25	3	13	1	3	193	33805	197	34497	0.00471429	0	0.00471429	0.00471429	175.112	14.7055	173	277	
11	11.25	1	14	1	3	242	96372	241	95935	0.00471429	0	0.00471429	0.00471429	398.071	135.356	39	645	
11.25	11.5	4	1	2	4	243	41047	243	39439	0.00473486	0.000142253	0.00471429	0.00571429	162.3	40.8726	141	517	
11.25	11.5	2	2	2	4	250	19538	250	19698	0.00471429	0	0.00471429	0.00471429	78.792	21.5568	65	153	
11.25	11.5	2	3	3	4	250	48618	250	48866	0.00471429	0	0.00471429	0.00471429	195.464	40.297	153	389	
11.25	11.5	4	8	3	3	250	43242	250	43718	0.00471429	0	0.00471429	0.00471429	174.872	55.716	141	317	
11.25	11.5	2	9	5	3	238	27774	234	25178	0.00472711	0.000112741	0.00471429	0.00571429	107.598	25.142	65	153	
11.25	11.5	1	10	3	3	165	96253	160	90059	0.00472679	0.000111451	0.00471429	0.00571429	562.869	212.233	3	967	
11.25	11.5	4	11	1	3	250	29436	250	29992	0.00471429	0	0.00471429	0.00471429	119.968	55.4361	87	277	
11.25	11.5	2	12	4	3	242	30177	241	28560	0.00473918	0.000156133	0.00471429	0.00571429	118.506	24.2767	104	209	
11.25	11.5	3	13	1	3	192	33911	188	33219	0.00471429	0	0.00471429	0.00471429	176.697	25.2364	172	453	
11.25	11.5	1	14	1	3	238	96029	238	96592	0.00471429	0	0.00471429	0.00471429	405.849	145.222	15	645	
11.5	11.75	4	1	2	4	243	42299	242	39902	0.00473495	0.000142542	0.00471429	0.00571429	164.884	33.6867	141	277	
11.5	11.75	2	2	2	4	250	20216	250	20216	0.00471429	0	0.00471429	0.00471429	80.864	22.0579	63	153	
11.5	11.75	2	3	3	4	250	45034	250	45034	0.00471429	0	0.00471429	0.00471429	180.136	43.3522	153	389	
11.5	11.75	4	8	3	3	250	46492	250	46492	0.00471429	0	0.00471429	0.00471429	185.968	67.0151	139	621	
11.5	11.75	2	9	5	3	234	27882	231	25247	0.00472294	9.28459e-05	0.00471429	0.00571429	109.294	26.6243	65	153	
11.5	11.75	1	10	3	3	160	96558	157	95934	0.0047525	0.000297109	0.00471429	0.00771429	611.045	260.541	3	1431	
11.5	11.75	4	11	1	3	250	32540	250	32540	0.00471429	0	0.00471429	0.00471429	130.16	61.9072	85	277	
11.5	11.75	2	12	4	3	243	31818	242	30056	0.00473495	0.000142542	0.00471429	0.00571429	124.198	28.6613	104	209	
11.5	11.75	3	13	1	3	163	28405	163	28405	0.00471429	0	0.00471429	0.00471429	174.264	11.4869	171	277	
11.5	11.75	1	14	1	3	237	95672	237	95554	0.00471429	0	0.00471429	0.00471429	403.181	142.952	15	645	
11.75	12	4	1	2	4	244	39720	243	37767	0.00473075	0.000127502	0.00471429	0.00571429	155.42	35.9523	141	517	
11.75	12	2	2	2	4	250	18698	250	18698	0.00471429	0	0.00471429	0.00471429	74.792	19.9692	65	153	
11.75	12	2	3	3	4	250	42354	250	42354	0.00471429	0	0.00471429	0.00471429	169.416	40.9394	153	389	
11.75	12	4	8	3	3	250	41397	250	41397	0.00471429	0	0.00471429	0.00471429	165.588	50.1773	140	405	
11.75	12	2	9	5	3	235	26779	230	23974	0.00472298	9.30467e-05	0.00471429	0.00571429	104.235	21.3166	65	153	
11.75	12	1	10	3	3	171	95994	171	93328	0.00473183	0.000170594	0.00471429	0.00671429	545.778	197.627	3	967	
11.75	12	4	11	1	3	250	26872	250	26872	0.00471429	0	0.00471429	0.00471429	107.488	45.707	85	209	
11.75	12	2	12	4	3	243	29394	242	27633	0.00473495	0.000142542	0.00471429	0.00571429	114.186	20.1419	105	209	
11.75	12	3	13	1	3	204	35708	205	35881	0.00471429	0	0.00471429	0.00471429	175.029	14.4201	173	277	
11.75	12	1	14	1	3	246	96929	246	96801	0.00471429	0	0.00471429	0.00471429	393.5	131.684	39	645	
12	12.25	4	1	2	4	242	39268	239	36213	0.00473102	0.000128551	0.00471429	0.00571429	151.519	24.6527	140	209	
12	12.25	2	2	2	4	250	18424	250	18424	0.00471429	0	0.00471429	0.00471429	73.696	19.809	63	153	
12	12.25	2	3	3	4	250	42086	250	42086	0.00471429	0	0.00471429	0.00471429	168.344	42.6679	153	389	
12	12.25	4	8	3	3	250	41106	250	41106	0.00471429	0	0.00471429	0.00471429	164.424	48.6071	141	317	
12	12.25	2	9	5	3	231	26651	226	23426	0.00471871	6.6519e-05	0.00471429	0.00571429	103.655	21.8055	65	209	
12	12.25	1	10	3	3	174	96382	170	91973	0.00473193	0.000171092	0.00471429	0.00671429	541.018	192.364	3	967	
12	12.25	4	11	1	3	250	26630	250	26630	0.00471429	0	0.00471429	0.00471429	106.52	44.8157	87	209	
12	12.25	2	12	4	3	244	29796	244	27904	0.00473888	0.000155191	0.00471429	0.00571429	114.361	23.5468	105	301	
12	12.25	3	13	1	3	211	36503	211	36503	0.00471429	0	0.00471429	0.00471429	173	0	173	173	
12	12.25	1	14	1	3	250	96415	250	96506	0.00471429	0	0.00471429	0.00471429	386.024	123.066	143	645	
12.25	12.5	4	1	2	4	241	40017	240	37552	0.00473512	0.000143125	0.00471429	0.00571429	156.467	29.924	141	317	
12.25	12.5	2	2	2	4	250	19538	250	19498	0.00471429	0	0.00471429	0.00471429	77.992	21.3092	65	153	
12.25	12.5	2	3	3	4	250	43581	250	43525	0.00471429	0	0.00471429	0.00471429	174.1	41.9907	151	389	
12.25	12.5	4	8	3	3	250	42834	250	42766	0.00471429	0	0.00471429	0.00471429	171.064	52.483	141	317	
12.25	12.5	2	9	5	3	233	26937	229	24245	0.00472739	0.000113954	0.00471429	0.00571429	105.873	24.7501	65	153	
12.25	12.5	1	10	3	3	163	96170	162	94201	0.0047328	0.000175245	0.00471429	0.00671429	581.488	236.303	3	1431	
12.25	12.5	4	11	1	3	250	28582	250	28460	0.00471429	0	0.00471429	0.00471429	113.84	50.6394	87	209	
12.25	12.5	2	12	4	3	242	29882	241	28121	0.00473918	0.000156133	0.00471429	0.00571429	116.685	22.8728	105	209	
12.25	12.5	3	13	1	3	191	33769	190	33596	0.00471429	0	0.00471429	0.00471429	176.821	19.6453	171	277	
12.25	12.5	1	14	1	3	237	96480	238	96674	0.00471429	0	0.00471429	0.00471429	406.193	141.808	39	813	
12.5	12.75	4	1	2	4	244	40847	243	38894	0.00473075	0.000127502	0.00471429	0.00571429	160.058	38.6517	140	517	
12.5	12.75	2	2	2	4	250	19618	250	19658	0.00471429	0	0.00471429	0.00471429	78.632	21.5099	65	153	
12.5	12.75	2	3	3	4	250	46234	250	46066	0.00471429	0	0.00471429	0.00471429	184.264	42.6989	153	389	
12.5	12.75	4	8	3	3	250	43102	250	43170	0.00471429	0	0.00471429	0.00471429	172.68	54.3272	139	317	
12.5	12.75	2	9	5	3	241	27657	239	25223	0.00473102	0.000128551	0.00471429	0.00571429	105.536	24.842	65	153	
12.5	12.75	1	10	3	3	161	96174	157	90819	0.00473976	0.000194443	0.00471429	0.00671429	578.465	212.577	3	1431	
12.5	12.75	4	11	1	3	250	29272	250	29394	0.00471429	0	0.00471429	0.00471429	117.576	54.4359	85	277	
12.5	12.75	2	12	4	3	244	30332	243	28903	0.00473075	0.000127502	0.00471429	0.00571429	118.942	29.1553	105	389	
12.5	12.75	3	13	1	3	191	33667	192	33840	0.00471429	0	0.00471429	0.00471429	176.25	18.1425	173	277	
12.5	12.75	1	14	1	3	240	95392	239	95235	0.00471429	0	0.00471429	0.00471429	398.473	138.794	15	645	
12.75	13	4	1	2	4	245	40171	245	38291	0.00473469	0.000141681	0.00471429	0.00571429	156.29	36.9097	139	517	
12.75	13	2	2	2	4	250	18978	250	18938	0.00471429	0	0.00471429	0.00471429	75.752	20.4333	65	153	
12.75	13	2	3	3	4	250	53330	250	53330	0.00471429	0	0.00471429	0.00471429	213.32	27.6041	209	389	
12.75	13	4	8	3	3	250	42078	250	41942	0.00471429	0	0.00471429	0.00471429	167.768	52.3413	141	405	
12.75	13	2	9	5	3	235	26851	231	24063	0.00472294	9.28459e-05	0.00471429	0.00571429	104.169	22.5875	65	153	
12.75	13	1	10	3	3	170	96180	168	93364	0.00472619	0.000108782	0.00471429	0.00571429	555.738	196.792	194	967	
12.75	13	4	11	1	3	250	27605	250	27483	0.00471429	0	0.00471429	0.00471429	109.932	47.7542	87	209	
12.75	13	2	12	4	3	243	29435	242	27578	0.00473495	0.000142542	0.00471429	0.00571429	113.959	19.3746	105	209	
12.75	13	3	13	1	3	201	35293	201	35293	0.00471429	0	0.00471429	0.00471429	175.587	16.238	173	277	
12.75	13	1	14	1	3	241	96595	241	96299	0.00471429	0	0.00471429	0.00471429	399.581	129.802	39	645	
13	13.25	4	1	2	4	244	40748	242	38210	0.00473081	0.000127762	0.00471429	0.00571429	157.893	38.7694	141	517	
13	13.25	2	2	2	4	250	19304	250	19304	0.00471429	0	0.00471429	0.00471429	77.216	21.4443	63	153	
13	13.25	2	3	3	4	250	53534	250	53534	0.00471429	0	0.00471429	0.00471429	214.136	29.777	209	389	
13	13.25	4	8	3	3	250	41922	250	41990	0.00471429	0	0.00471429	0.00471429	167.96	51.0969	141	317	
13	13.25	2	9	5	3	242	27774	241	24985	0.00473503	0.000142832	0.00471429	0.00571429	103.672	22.1712	65	153	
13	13.25	1	10	3	3	166	95986	164	92740	0.00473258	0.000174179	0.00471429	0.00671429	565.488	214.07	3	1431	
13	13.25	4	11	1	3	250	28283	250	28283	0.00471429	0	0.00471429	0.00471429	113.132	50.6721	86	277	
13	13.25	2	12	4	3	244	30167	243	28454	0.00473075	0.000127502	0.00471429	0.00571429	117.095	27.5926	104	389	
13	13.25	3	13	1	3	197	34601	196	34428	0.00471429	0	0.00471429	0.00471429	175.653	16.4395	173	277	
13	13.25	1	14	1	3	243	96688	243	96974	0.00471429	0	0.00471429	0.00471429	399.07	142.254	15	645	
13.25	13.5	4	1	2	4	243	43767	243	41955	0.00473486	0.000142253	0.00471429	0.00571429	172.654	47.4062	141	517	
13.25	13.5	2	2	2	4	250	20617	250	20617	0.00471429	0	0.00471429	0.00471429	82.468	22.2961	64	153	
13.25	13.5	2	3	3	4	250	53642	250	53642	0.00471429	0	0.00471429	0.00471429	214.568	27.9225	209	389	
13.25	13.5	4	8	3	3	248	45751	247	45130	0.00471429	0	0.00471429	0.00471429	182.713	58.6855	141	317	
13.25	13.5	2	9	5	3	238	28270	234	25530	0.00472711	0.000112741	0.00471429	0.00571429	109.103	28.7273	65	209	
13.25	13.5	1	10	3	3	159	96166	157	93691	0.00474613	0.000263614	0.00471429	0.00771429	596.758	248.715	3	1747	
13.25	13.5	4	11	1	3	250	32351	250	32351	0.00471429	0	0.00471429	0.00471429	129.404	61.2572	86	277	
13.25	13.5	2	12	4	3	242	31990	241	30181	0.00473918	0.000156133	0.00471429	0.00571429	125.232	32.3885	105	301	
13.25	13.5	3	13	1	3	164	28787	165	28960	0.00471429	0	0.00471429	0.00471429	175.515	16.0451	172	277	
13.25	13.5	1	14	1	3	236	96354	236	96354	0.00471429	0	0.00471429	0.00471429	408.28	152.759	39	871	
13.5	13.75	4	1	2	4	244	49824	243	47735	0.00473075	0.000127502	0.00471429	0.00571429	196.44	42.7727	141	517	
13.5	13.75	2	2	2	4	250	18458	250	18458	0.00471429	0	0.00471429	0.00471429	73.832	19.4465	65	153	
13.5	13.75	2	3	3	4	250	42714	250	42882	0.00471429	0	0.00471429	0.00471429	171.528	41.574	153	389	
13.5	13.75	4	8	3	3	250	40726	250	40658	0.00471429	0	0.00471429	0.00471429	162.632	46.5914	141	317	
13.5	13.75	2	9	5	3	239	27103	237	24525	0.00473116	0.000129086	0.00471429	0.00571429	103.481	20.4124	65	153	
13.5	13.75	1	10	3	3	167	96376	165	92744	0.00473853	0.000189721	0.00471429	0.00671429	562.085	181.479	3	967	
13.5	13.75	4	11	1	3	250	26698	250	26698	0.00471429	0	0.00471429	0.00471429	106.792	45.6389	87	277	
13.5	13.75	2	12	4	3	243	29313	242	27504	0.00473495	0.000142542	0.00471429	0.00571429	113.653	20.9513	103	209	
13.5	13.75	3	13	1	3	209	36260	209	36260	0.00471429	0	0.00471429	0.00471429	173.493	7.1945	172	277	
13.5	13.75	1	14	1	3	247	96253	247	95967	0.00471429	0	0.00471429	0.00471429	388.53	134.229	15	645	
13.75	14	4	1	2	4	243	52335	242	50210	0.00473495	0.000142542	0.00471429	0.00571429	207.479	36.4909	141	317	
13.75	14	2	2	2	4	250	19536	250	19416	0.00471429	0	0.00471429	0.00471429	77.664	21.206	63	153	
13.75	14	2	3	3	4	250	43521	250	43329	0.00471429	0	0.00471429	0.00471429	173.316	41.9455	152	389	
13.75	14	4	8	3	3	250	42834	250	42630	0.00471429	0	0.00471429	0.00471429	170.52	52.0839	141	317	
13.75	14	2	9	5	3	237	27517	233	24737	0.00472287	9.24483e-05	0.00471429	0.00571429	106.167	23.8908	65	153	
13.75	14	1	10	3	3	166	96184	164	92235	0.00473258	0.000174179	0.00471429	0.00671429	562.409	207.676	3	967	
13.75	14	4	11	1	3	250	29206	250	28772	0.00471429	0	0.00471429	0.00471429	115.088	51.9642	87	277	
13.75	14	2	12	4	3	243	30179	242	28218	0.00473495	0.000142542	0.00471429	0.00571429	116.603	22.2839	105	209	
13.75	14	3	13	1	3	183	32179	186	32698	0.00471429	0	0.00471429	0.00471429	175.796	16.8661	173	277	
13.75	14	1	14	1	3	239	96931	240	96768	0.00471429	0	0.00471429	0.00471429	403.2	136.415	39	645	
14	14.25	4	1	2	4	243	55567	240	53160	0.00472678	0.000111335	0.00471429	0.00571429	221.5	48.3697	141	517	
14	14.25	2	2	2	4	250	21426	250	21546	0.00471429	0	0.00471429	0.00471429	86.184	22.7804	65	153	
14	14.25	2	3	3	4	250	46646	250	46838	0.00471429	0	0.00471429	0.00471429	187.352	45.4338	153	389	
14	14.25	4	8	3	3	250	48517	250	48789	0.00471429	0	0.00471429	0.00471429	195.156	62.3476	140	317	
14	14.25	2	9	5	3	239	30555	236	27588	0.004727	0.000112266	0.00471429	0.00571429	116.898	34.6909	65	209	
14	14.25	1	10	3	3	147	95952	142	91965	0.00472837	0.000167836	0.00471429	0.00671429	647.641	250.17	3	1431	
14	14.25	4	11	1	3	250	35228	250	35662	0.00471429	0	0.00471429	0.00471429	142.648	68.1261	87	277	
14	14.25	2	12	4	3	243	33633	242	31836	0.00473495	0.000142542	0.00471429	0.00571429	131.554	35.3333	103	301	
14	14.25	3	13	1	3	152	27024	148	26332	0.00471429	0	0.00471429	0.00471429	177.919	22.1515	173	277	
14	14.25	1	14	1	3	225	95916	224	96042	0.00471429	0	0.00471429	0.00471429	428.759	155.686	63	871	
14.25	14.5	4	1	2	4	243	51819	243	50075	0.00473486	0.000142253	0.00471429	0.00571429	206.07	34.1582	141	517	
14.25	14.5	2	2	2	4	250	18336	250	18296	0.00471429	0	0.00471429	0.00471429	73.184	19.0669	63	153	
14.25	14.5	2	3	3	4	250	41850	250	41794	0.00471429	0	0.00471429	0.00471429	167.176	40.2355	153	389	
14.25	14.5	4	8	3	3	250	40046	250	40046	0.00471429	0	0.00471429	0.00471429	160.184	43.3716	141	317	
14.25	14.5	2	9	5	3	230	25852	224	22862	0.00471875	6.68153e-05	0.00471429	0.00571429	102.062	18.8484	65	153	
14.25	14.5	1	10	3	3	176	95996	174	92748	0.00473727	0.000184799	0.00471429	0.00671429	533.034	187.735	3	967	
14.25	14.5	4	11	1	3	250	25898	250	25898	0.00471429	0	0.00471429	0.00471429	103.592	41.9041	87	209	
14.25	14.5	2	12	4	3	243	28954	242	27145	0.00473908	0.000155817	0.00471429	0.00571429	112.169	17.8414	104	209	
14.25	14.5	3	13	1	3	214	37438	214	37334	0.00471429	0	0.00471429	0.00471429	174.458	12.2557	173	277	
14.25	14.5	1	14	1	3	245	95774	246	96264	0.00471429	0	0.00471429	0.00471429	391.317	119.786	63	645	
14.5	14.75	4	1	2	4	245	54792	244	53419	0.00472658	0.000110426	0.00471429	0.00571429	218.93	34.72	208	517	
14.5	14.75	2	2	2	4	250	18626	250	18706	0.00471429	0	0.00471429	0.00471429	74.824	20.4056	65	153	
14.5	14.75	2	3	3	4	249	42056	249	41988	0.0047183	6.33724e-05	0.00471429	0.00571429	168.627	38.7022	152	389	
14.5	14.75	4	8	3	3	250	41338	250	41406	0.00471429	0	0.00471429	0.00471429	165.624	49.5875	141	317	
14.5	14.75	2	9	5	3	234	26938	231	24391	0.00472294	9.28459e-05	0.00471429	0.00571429	105.589	24.3668	65	209	
14.5	14.75	1	10	3	3	164	96184	161	90917	0.00473292	0.000175786	0.00471429	0.00671429	564.702	199.519	3	967	
14.5	14.75	4	11	1	3	250	26942	250	27064	0.00471429	0	0.00471429	0.00471429	108.256	46.9244	87	277	
14.5	14.75	2	12	4	3	243	29257	243	27601	0.00473898	0.000155503	0.00471429	0.00571429	113.584	20.3068	103	209	
14.5	14.75	3	13	1	3	207	36019	208	36296	0.00471429	0	0.00471429	0.00471429	174.5	12.4295	173	277	
14.5	14.75	1	14	1	3	247	96687	246	96530	0.00471429	0	0.00471429	0.00471429	392.398	126.699	15	645	
14.75	15	4	1	2	4	245	55336	244	53827	0.00472658	0.000110426	0.00471429	0.00571429	220.602	35.826	208	517	
14.75	15	2	2	2	4	250	22506	250	22346	0.00471429	0	0.00471429	0.00471429	89.384	24.7717	65	209	
14.75	15	2	3	3	4	248	42664	247	42163	0.00471429	0	0.00471429	0.00471429	170.7	39.2949	153	389	
14.75	15	4	8	3	3	250	42356	250	42084	0.00471429	0	0.00471429	0.00471429	168.336	51.4895	140	317	
14.75	15	2	9	5	3	238	27334	234	24458	0.00472711	0.000112741	0.00471429	0.00571429	104.521	24.1037	65	153	
14.75	15	1	10	3	3	165	96095	164	92505	0.00473258	0.000174179	0.00471429	0.00671429	564.055	211.883	3	1431	
14.75	15	4	11	1	3	250	27958	250	27714	0.00471429	0	0.00471429	0.00471429	110.856	48.1792	87	209	
14.75	15	2	12	4	3	243	29627	242	27770	0.00473495	0.000142542	0.00471429	0.00571429	114.752	19.9677	105	209	
14.75	15	3	13	1	3	198	35084	198	35084	0.00471429	0	0.00471429	0.00471429	177.192	20.5326	171	277	
14.75	15	1	14	1	3	241	96476	241	95884	0.00471429	0	0.00471429	0.00471429	397.859	126.525	155	645	
